%YAML:1.0

#--------------------------------------------------------------------------------------------
# Camera Parameters. Adjust them!
#--------------------------------------------------------------------------------------------
CameraMat: !!opencv-matrix
  rows: 3
  cols: 3
  dt: d
  data: [1286.4489785410851, 0.0,      332.3412167683782,
         0.0,     1285.641345482317,   248.4184594533393,
         0.0,     0.0,      1.0     ]

DistCoeffs: !!opencv-matrix
  rows: 5
  cols: 1
  dt: d
  data: [-0.46463017999326606, 0.16866292690557916, 0.002553599253969859, 0.004120572503497365, 0.000000]

Camera.width: 752
Camera.height: 480