%YAML:1.0

#--------------------------------------------------------------------------------------------
# Camera Parameters. Adjust them!
#--------------------------------------------------------------------------------------------
CameraMat: !!opencv-matrix
  rows: 3
  cols: 3
  dt: d
  data: [1024.7016748143822, 0.0,      622.8605183708166,
         0.0,     1023.1503530251063,  496.6387099662122,
         0.0,     0.0,      1.0     ]

DistCoeffs: !!opencv-matrix
  rows: 5
  cols: 1
  dt: d
  data: [-0.10068352831478207, 0.08447613701201621, -0.001409292470421658, 0.00011165438636820547, 0.00]

Camera.width: 1280
Camera.height: 1024