%YAML:1.0

#--------------------------------------------------------------------------------------------
# Camera Parameters. Adjust them!
#--------------------------------------------------------------------------------------------
CameraMat: !!opencv-matrix
  rows: 3
  cols: 3
  dt: d
  data: [1286.318605305509, 0.0,      348.2756577700413,
         0.0,     1286.2481372799468,   232.076787756208,
         0.0,     0.0,      1.0     ]

DistCoeffs: !!opencv-matrix
  rows: 5
  cols: 1
  dt: d
  data: [-0.4258521033804439, 0.10879431301912121, 0.0006922985911202098, 0.0028835121456787143, 0.000000]

Camera.width: 752
Camera.height: 480